topic,query,rank,title,views,age,channel,duration,video_id
childbirth,how did ancient humans give birth,1,"How Did Ancient Humans Give Birth? (No Hospitals, No Doctors)",214,3mo ago,Minne ,9:50,5uJsOFQHNWA
childbirth,how did ancient humans give birth,2,How Did Ancient Humans Give Birth?,,57 min ago,Lost To History,10:27,e4oZkZa7lFE
childbirth,how did ancient humans give birth,3,How Did Ancient Humans Give birth without doctors?,1273,3w ago,Stick Hominid  and Cognito Psychology,8:02,O4-JVx2y37Y
childbirth,how did ancient humans give birth,4,How Did Ancient Humans Give Birth?,3768,4mo ago,KisThe History,3:50,-jjtfB0rr-I
childbirth,how did ancient humans give birth,5,What Did Ancient Humans Do When Someone Got Pregnant?,548643,4mo ago,HUMAN-ISH,10:33,xkr2DJ_dlWI
childbirth,how did ancient humans give birth,6,How Did Ancient Humans Survive Childbirth?,329,3w ago,Primal Explainer,5:50,1zU03c42LL0
childbirth,how did ancient humans give birth,7,How Did Ancient Humans Survive Childbirth,8114,3mo ago,Archaia,10:42,TFvpHOYzjZQ
childbirth,how did ancient humans give birth,8,How Did Ancient Humans Give Birth?,201,1mo ago,Gritty Humans,13:58,xS0TUEIZdL4
childbirth,how did ancient humans give birth,9,How Did Ancient Humans Give Birth?,809,3w ago,History Course,12:49,xMcgfEfZFIg
childbirth,how did ancient humans give birth,10,How Did Ancient Humans Give Birth Without Doctors?,309,6d ago,Chronicles By Tony,7:01,K4Z87LqLvU8
childbirth,how did ancient humans give birth,11,How Did Ancient Humans Survive Childbirth Without Doctors?,101,2mo ago,Primal Sketch,10:59,AZUszUbdl5M
childbirth,how did ancient humans give birth,12,What Did Ancient Humans Do When They Had a Baby?,312969,4mo ago,Renn,12:22,HKuVQzxYmcM
childbirth,ancient humans childbirth,1,A History of Childbirth: Delivery,1157774,6y ago,History Tea Time with Lindsay Holiday,20:13,JhEi7lfFpSA
childbirth,ancient humans childbirth,2,How Did Ancient Humans Give Birth?,3768,4mo ago,KisThe History,3:50,-jjtfB0rr-I
childbirth,ancient humans childbirth,3,How Did Ancient Humans Give Birth?,,57 min ago,Lost To History,10:27,e4oZkZa7lFE
childbirth,ancient humans childbirth,4,What Did Ancient Humans Do When Someone Got Pregnant?,548642,4mo ago,HUMAN-ISH,10:33,xkr2DJ_dlWI
childbirth,ancient humans childbirth,5,How Did Ancient Humans Survive Childbirth Without Doctors?,183,1d ago,NoxExplains,5:37,T7TlMKnp77I
childbirth,ancient humans childbirth,6,How Ancient Humans Solved the Problem of Childbirth Pain,42,2mo ago,Dust Explained,9:10,vVwJYV7f_uM
childbirth,ancient humans childbirth,7,HOW did prehistorical humans survive childbirth ,14,2w ago,The Ancestoral,7:16,vi0vFmwSh2k
childbirth,ancient humans childbirth,8,How Did Ancient Humans Survive Childbirth,8114,3mo ago,Archaia,10:42,TFvpHOYzjZQ
childbirth,ancient humans childbirth,9,No Doctor. No Medicine. How Did Ancient Women Give Birth?,42,4w ago,Veyth History,6:29,Z2nWsyTsx_0
childbirth,ancient humans childbirth,10,What Did Ancient Humans Do When They Had a Baby?,208,2mo ago,lorex,12:27,VnmDxwoQAEU
childbirth,ancient humans childbirth,11,"Educational Content ,From Fertilization To Childbirth | 3d medical animation | by Dandelion Team",27939836,4y ago,Dandelion Medical Animation,8:52,s-Xpa5UZAZs
childbirth,ancient humans childbirth,12,How Did Ancient Humans Survive Childbirth Without Hospitals?,61,2w ago,Past Pioneers ,6:39,nO_DG2MrAi8
childbirth,how did cavewomen give birth,1,How Did Cavewomen Survive Childbirth?,26,4w ago,Hafee Genius,16:53,XG6uUYXk-rQ
childbirth,how did cavewomen give birth,2,How Did Cavewomen Deliver Babies in the Wild?,1162,2mo ago,Rock & stone,8:48,ULbGf3DLr94
childbirth,how did cavewomen give birth,3,How Did Cavewomen Give Birth?,770,3mo ago,CIPHER UNIT,6:13,TIcDyhS_4yY
childbirth,how did cavewomen give birth,4,How Did Ancient Humans Give Birth?,3768,4mo ago,KisThe History,3:50,-jjtfB0rr-I
childbirth,how did cavewomen give birth,5,A History of Childbirth: Delivery,1157774,6y ago,History Tea Time with Lindsay Holiday,20:13,JhEi7lfFpSA
childbirth,how did cavewomen give birth,6,What Did Ancient Humans Do When Someone Got Pregnant?,548643,4mo ago,HUMAN-ISH,10:33,xkr2DJ_dlWI
childbirth,how did cavewomen give birth,7,How Did Cavewomen Survive Giving Birth With NO Doctors? || Natural birth in nature || #naturalbirth ,50,2w ago,Secrets Before Us ,8:45,ubhrmBTPogw
childbirth,how did cavewomen give birth,8,How Did Ancient Humans Give Birth Without Doctors?,310,6d ago,Chronicles By Tony,7:01,K4Z87LqLvU8
childbirth,how did cavewomen give birth,9,How Did Ancient Humans Survive Childbirth Without Doctors?,230,1d ago,NoxExplains,5:37,T7TlMKnp77I
childbirth,how did cavewomen give birth,10,How Giving Birth Changes Your Brain,4552559,7y ago,Insider Science,3:10,KJqDRCyEX4o
childbirth,how did cavewomen give birth,11,Giving Birth Was WILD in Classical Japan,1608481,4y ago,Linfamy,7:37,eqVoQ21R3FM
childbirth,how did cavewomen give birth,12,HOW DID ANCIENT MOTHERS GIVE BIRTH IN THE WILD?,104,3mo ago,Histo ,11:23,a0lCo9PTK4Y
bathing/body odor,did ancient humans bathe,1,How Did Ancient Humans Deal With Hygiene?,330783,4mo ago,PaintTheFacts,8:54,slI1pvzf3UM
bathing/body odor,did ancient humans bathe,2,Did Ancient Humans Ever Bathe?,48,5d ago,Kruveo,9:26,ak8Ia7Q2hcY
bathing/body odor,did ancient humans bathe,3,"How Did Ancient Humans Bathe 4,500 Years Ago?",139,1mo ago,Why We're Like This,9:08,1d6KJBxvsnQ
bathing/body odor,did ancient humans bathe,4,When Did Humans Start Using Soap and Bathing?,99,3d ago,Body History,3:12,wJuV6iOPW34
bathing/body odor,did ancient humans bathe,5,How Did Ancient Humans Bathe Before Soap?,282,1mo ago,History Doodles,12:25,m0nw7t8qNpc
bathing/body odor,did ancient humans bathe,6,How Did Ancient Humans Find Privacy for Bathing an,27,2mo ago,PaintedTheroy,3:30,iIz7Hq0KWsw
bathing/body odor,did ancient humans bathe,7,When Did Ancient Humans Start Bathing?,77,2mo ago,Toco,7:22,EPT9ZMyv6yI
bathing/body odor,did ancient humans bathe,8,How Did Ancient Humans Bathe Together Without Any Privacy?,121,3mo ago,Stann,8:45,kHoX2ibZL6A
bathing/body odor,did ancient humans bathe,9,Did Ancient Humans Take Showers?,245,2mo ago,Renk,3:34,FDH0Mw71eKg
bathing/body odor,did ancient humans bathe,10,How Did Ancient Humans Bathe in -50°C Winters Without Freezing?,18464,3w ago,Runic,22:01,irJfowLzEMU
bathing/body odor,did ancient humans bathe,11,Did Ancient Humans Even Know What Bathing Was?,1735,2mo ago,Octo and 3 more,22:43,Xgs9roAettY
bathing/body odor,did ancient humans bathe,12,How Did Ancient Africans Bathe?,11792,5y ago,From Nothing,11:01,-WHjallNoSA
bathing/body odor,how did ancient humans stay clean,1,How Did Ancient Humans Deal With Hygiene?,330783,4mo ago,PaintTheFacts,8:54,slI1pvzf3UM
bathing/body odor,how did ancient humans stay clean,2,How Did Ancient Humans Stay Clean?,53068,3mo ago,Explain In Paint and 2 more,23:47,5Qv-VF-V5TI
bathing/body odor,how did ancient humans stay clean,3,How Did Ancient Humans Survive Without Clean Water?,728125,2mo ago,Deep Epoch,16:23,WkbdkfRETfk
bathing/body odor,how did ancient humans stay clean,4,How Did Ancient Humans Stay Clean Without Soap?,211,8d ago,LifeBeforeExp,12:20,54e45_IN9Uo
bathing/body odor,how did ancient humans stay clean,5,How Did Humans Stay Clean Before Soap?,4206,4mo ago,Doodle Facts,6:46,KdxbLXnk2xc
bathing/body odor,how did ancient humans stay clean,6,How Did Ancient Humans Stay Clean?,22,2mo ago,Pabeli,10:50,bQDW4-DxBdk
bathing/body odor,how did ancient humans stay clean,7,No Soap. No Body Wash. How Did Ancient Humans Stay Clean?,56,3mo ago,POVThroughTime,2:34,A4NmR5pmKTE
bathing/body odor,how did ancient humans stay clean,8,How Did Ancient Humans Stay Clean?,63,1mo ago,Simply Sapiens,8:17,EoOV8l87Vl8
bathing/body odor,how did ancient humans stay clean,9,How did ancient humans stay clean ?,78,1mo ago,Ancient Humans,18:00,pP4FG7VGkYA
bathing/body odor,how did ancient humans stay clean,10,How Did Ancient Humans ACTUALLY Stay Clean?,1715,11d ago,Whatlume ,6:48,YKsuS-4m_BY
bathing/body odor,how did ancient humans stay clean,11,How Did Ancient Humans Stay Clean Before Soap Existed? #ancienthistory,94,2mo ago,Forest Cozy Days,1:37,TLc8BnjWtW8
bathing/body odor,how did ancient humans stay clean,12,How Did Ancient Humans Stay Clean Without Soap,3152,1mo ago,Clever Humans,18:31,kpJG_mmrJOw
bathing/body odor,how did cavemen smell,1,What Did Cavemen Actually Smell Like?,26,2d ago,Ancient Stick,7:40,QSrSdEVE_Fo
bathing/body odor,how did cavemen smell,2,How Did Ancient Humans Deal With Hygiene?,330783,4mo ago,PaintTheFacts,8:54,slI1pvzf3UM
bathing/body odor,how did cavemen smell,3,What Did Ancient Humans Actually Smell Like?,,3h ago,Line By Line,11:41,vaEV_WkCG28
bathing/body odor,how did cavemen smell,4,How Did Early Humans Handle Body Odor?,5,1mo ago,StickBeko,13:52,fCWFt1nXPhU
bathing/body odor,how did cavemen smell,5,What Did Cavemen Actually Smell Like?,105,8d ago,FirelightStories,6:06,3SPRKQgVByQ
bathing/body odor,how did cavemen smell,6,Before Deodorant… How Did Humans Smell? #HumanEvolution #AncientHumans #anthropology,166,1mo ago,Prehistoric Survival ,6:49,-ArI_CVIZ6Q
bathing/body odor,how did cavemen smell,7,How Bad Did Ancient Humans Smell?,722,1mo ago,BeyondTheMap,14:06,K4JEDpp0YHQ
bathing/body odor,how did cavemen smell,8,Did Ancient Humans Smell Bad?,149393,3mo ago,Pastly,12:44,KY8dzwvDtEE
bathing/body odor,how did cavemen smell,9,Did Cavemen Actually Smell THAT Bad?,126,2mo ago,Chroniq Origins,6:44,hfkMth6Qnn0
bathing/body odor,how did cavemen smell,10,How Did Ancient Humans Deal With Body Odor?,537,2d ago,Primal Explainer,8:44,npDvisgOkWY
bathing/body odor,how did cavemen smell,11,What Did Ancient Humans Do When They Absolutely Reeked?,7449,11d ago,Jacob Explains,27:01,lwIUWu_vAp0
bathing/body odor,how did cavemen smell,12,How Did Ancient Humans Deal With Smell Before Deodorant?,771,3w ago,History Has Secrets,8:52,iI-rRbjLGWw
toothache/dental,how did ancient humans treat toothaches,1,How Did Ancient Humans Handle Toothaches?,3,3w ago,PRIMAL,10:01,HqW3ptFZbLI
toothache/dental,how did ancient humans treat toothaches,2,How Did Ancient Humans Treat Toothaches Without Dentists?,5,13h ago,Paddy,8:10,2BkKpPBeigc
toothache/dental,how did ancient humans treat toothaches,3,How Did Ancient Humans Deals With Toothaches?,31,2d ago,Stick Theory,5:35,puk6J9ZgeXU
toothache/dental,how did ancient humans treat toothaches,4,How Ancient People Used to Deal With Toothache?,146,1mo ago,Paleo Origins,8:17,Lv4dQDwr5UU
toothache/dental,how did ancient humans treat toothaches,5,How Did Ancient Humans Survive Toothaches? 🦷 | Before Dentists & Painkillers,16,2d ago,Primal Tales,8:21,GJ_Md7r2xdE
toothache/dental,how did ancient humans treat toothaches,6,How Did Ancient Humans Deal With Toothache?,7,13h ago,Tolpex,9:15,qF10tXJHARk
toothache/dental,how did ancient humans treat toothaches,7,How Did Ancient Humans Deal With Toothache?,4,3w ago,Dirt and Bone,9:14,WWnnkDgH1Ew
toothache/dental,how did ancient humans treat toothaches,8,What Did Ancient Humans Do About a Toothache?,47,9d ago,Dawn of Us,8:00,LNYsr-wDzzY
toothache/dental,how did ancient humans treat toothaches,9,How Did Ancient Humans Deal With Toothaches?,63,11d ago,The Joy Explains,8:01,-ORNI9U3S20
toothache/dental,how did ancient humans treat toothaches,10,How Did Ancient Humans Treat Toothaches? | The History of Dentistry,10,1mo ago,Stickified,6:31,1s6i2xvOIKI
toothache/dental,how did ancient humans treat toothaches,11,How Did Ancient Humans Deal With Toothaches?,6231,4mo ago,Whatly,8:26,ytSfuLh6Mf4
toothache/dental,how did ancient humans treat toothaches,12,A Toothache in the Stone Age… Who Would Fix It?,3,12h ago,Primitive Problems,5:45,gMcrYKuxM4w
toothache/dental,did cavemen have cavities,1,Did Cavemen Get Cavities?,1789,5y ago,"Dr. Amanpreet Singh, DDS",3:17,r_d0v05jlzw
toothache/dental,did cavemen have cavities,2,Cavemen had BETTER Teeth than You. Here’s Why.,150167,7y ago,History Dose,5:32,iDu9KWUqyps
toothache/dental,did cavemen have cavities,3,Why Did Cavemen Have Better Teeth Than You?,29,2mo ago,Primal Truth,6:07,w74WyKoyhjw
toothache/dental,did cavemen have cavities,4,Why Our Ancestors Didn't Need To Brush Their Teeth 🤨,63044739,3y ago,Zack D. Films,0:30,Y87g8drletk
toothache/dental,did cavemen have cavities,5,Why Didn't Our Ancestors Have To BRUSH Their Teeth? 🪥🦷,1982093,2y ago,The Bentist,0:54,QrCWZE9W9G0
toothache/dental,did cavemen have cavities,6,Why Ancient Humans Had Better Teeth Than You!,2009678,1y ago,Emily Driscoll,0:48,OBpC7DvkQH4
toothache/dental,did cavemen have cavities,7,Did Ancient Humans Really Never Get Cavities?,6,1mo ago,First Ones,3:30,3pWJm145Phk
toothache/dental,did cavemen have cavities,8,Why do we have crooked teeth when our ancestors didn’t? - G. Richard Scott,4897872,3y ago,TED-Ed,5:17,li1kO3hg4iE
toothache/dental,did cavemen have cavities,9,Why Did Ancient Humans NEVER Get Cavities?,4,4w ago,How Before Us,7:09,MdPeNm7NxFI
toothache/dental,did cavemen have cavities,10,Ancient Humans Never Got Cavities,27,2mo ago,Untold Cognition,4:51,T91ENhvzg5Q
toothache/dental,did cavemen have cavities,11,"How Did Stone Age People Get Cavities 15,000 Years Before Sugar?",45,1mo ago,AncMan,8:45,6MDFBc4LSAo
toothache/dental,did cavemen have cavities,12,WHY CAVEMEN DIDN'T HAVE CAVITIES,339,4w ago,Primal Sketch,5:20,RZoSZn7ndfM
toothache/dental,ancient dentistry,1,History of Dentistry - Demons and Tooth Worms - Extra History - Part 1,579439,7y ago,Extra History,11:30,tlkLbJCtR2k
toothache/dental,ancient dentistry,2,Ancient Mayans Had the Coolest Dental Implants,12482,1y ago,Jaypee Dent,0:21,fWcmfG_7PJw
toothache/dental,ancient dentistry,3,The Wild History of Dentistry,167214,4y ago,Into the Shadows,16:00,6_FI-jGloLk
toothache/dental,ancient dentistry,4,Indians were the first dentists in the world! #shorts #templearchitecture,2833,2y ago,Undiscovered Bharat,0:43,4gQoMB0mEUA
toothache/dental,ancient dentistry,5,The History of Dentistry! : Hidden Histories,100317,13y ago,Archaeosoup,12:53,9Y5XpiCn3Q4
toothache/dental,ancient dentistry,6,"59,000-year-old tooth shows earliest evidence of dental surgery | ABC NEWS",4619,4mo ago,ABC News (Australia),3:28,G37Vz4Cvz5U
toothache/dental,ancient dentistry,7,The World's First Recorded Dentist #shorts,6099,2y ago,Global Info,0:55,tMH9SAlWN5Y
toothache/dental,ancient dentistry,8,The History of Dentistry: From Ancient Practices to Modern Innovations,427,1y ago,It Started Somewhere,7:35,JsnnzWxdNDY
toothache/dental,ancient dentistry,9,"Hesire, the first dentist in history #AncientEgypt #Dentistry #History #AncientMedicine",1253,1y ago,Beautiful History,1:08,TgGo3UO65tI
toothache/dental,ancient dentistry,10,"Ancient Tooth Docs: 9,000-Year-Old Dental Secrets Revealed! 🦷😱",1379,11mo ago,Oddly True,0:35,it6x78y1GUU
toothache/dental,ancient dentistry,11,The Painful History of Dentistry,21106,5y ago,WAS Popular History,9:56,S0FvVmMVuUk
toothache/dental,ancient dentistry,12,Dental calculus: ancient diets revealed,11368,14y ago,CNN,2:44,_5pwQlnIIEU
old age,what happened to old people in ancient times,1,What Happened When Ancient Humans Got Old,1745,3mo ago,Thalix,9:17,D8Hf0q_jKgw
old age,what happened to old people in ancient times,2,What Happened to Ancient Humans After Age 60?,247,2mo ago,Odd Enough to Ask,3:46,DTuzX6ROqzo
old age,what happened to old people in ancient times,3,What Happened to Ancient Humans When They Grew Old?,3543,2mo ago,Tom Tatton and 3 more,19:26,ToIRawWG46o
old age,what happened to old people in ancient times,4,The ancient humans who wiped out 90% of Europeans – David Reich,14592888,2y ago,Dwarkesh Patel,1:00,zcU22ry1pzo
old age,what happened to old people in ancient times,5,What Happened When an Elderly Person Could No Longer Walk in Ancient Times?,6,3w ago,The Old Man of the Caves,11:17,Y1nVV5hx0Wc
old age,what happened to old people in ancient times,6,What Happened When Ancient Humans Got Old?,127473,3mo ago,KisThe History,5:40,8hbLcK19lHg
old age,what happened to old people in ancient times,7,What Ancient Humans Actually Did When Someone Got Too Old to Walk,276,1mo ago,Faro Zin,7:46,U0H9brRlTfE
old age,what happened to old people in ancient times,8,What Happened When Ancient Humans Got Old?,17,2w ago,Wob Explains,10:12,L0dOdnLA5K0
old age,what happened to old people in ancient times,9,Worst Ways People Have Died In Ancient Times 😱 (Part 5) #ytshorts,506357,2y ago,Jacob Boy69,0:22,-NUyLJ7N5H8
old age,what happened to old people in ancient times,10,What Did Ancient Humans Do With the Elderly?,332,4mo ago,Stikk ,8:42,ZrL9kfyInG0
old age,what happened to old people in ancient times,11,What Happened to Ancient Humans When They Got Old?,238,2w ago,Think Explainer,11:40,8NpR7k2L2tg
old age,what happened to old people in ancient times,12,What Happened When Ancient Humans Got Old ?,2673,3mo ago,Kinda Smart,9:45,_9CBINdYjV4
old age,how did ancient humans live to old age,1,"""Biblical Lifespans: Did People Really Live 900 Years?""",1285448,1y ago,The Bible Show,1:00,khO_hOJYV1U
old age,how did ancient humans live to old age,2,How Old Did Ancient Humans Live to Be on Average?,62,2w ago,Kestrel Official and 3 more,21:22,hsuBGOeE29E
old age,how did ancient humans live to old age,3,How Long Did Ancient Humans Really Live?,359,1mo ago,Easy History Explained,40:33,jOjFVDbWcLA
old age,how did ancient humans live to old age,4,How Long Did Ancient Humans Live? (The 30 Years Myth),5,7d ago,HomoStickusTV,14:57,7whtSbF8zTs
old age,how did ancient humans live to old age,5,How Long Did People Use To Live?,1046228,5y ago,MinuteEarth,3:02,c_ADG3Qc6rI
old age,how did ancient humans live to old age,6,How Long Did Ancient Humans Really Live?,366433,1y ago,NORTH 02,20:38,-qhy0NyCM4E
old age,how did ancient humans live to old age,7,How Long Did Ancient Humans Really Live?,1582,1y ago,Sleeping Legends,8:58,FVsi5ZXYQSo
old age,how did ancient humans live to old age,8,How Did Ancient Humans Live After Getting Old?,122,3w ago,Suspecious History,18:27,s78cJruHOd0
old age,how did ancient humans live to old age,9,What Did Early Humans ACTUALLY Do All Day? | History for Sleep,2683914,9mo ago,Sleepy Time Historian and Sleepy Time Origins,2:15:36,AHTEnwz0bL4
old age,how did ancient humans live to old age,10,How Long Did Ancient Humans Actually Live? (You've Been Lied To),29,13d ago,Zek0,7:37,N1Q21y1n_-o
old age,how did ancient humans live to old age,11,How Long Did Ancient Humans ACTUALLY Live?,95,5mo ago,Kriatons,13:08,o4-xq1dQMB4
old age,how did ancient humans live to old age,12,At What Age Did Most Ancient Humans Die?,32777,2mo ago,Stickly and 2 more,23:07,FP18BCf5JUo
old age,did cavemen live to old age,1,How long did cavemen REALLY live? (Older than you think),6935,4y ago,SOB,9:34,efIYO4o5gMM
old age,did cavemen live to old age,2,Did Cavemen Only Live to 30? | The Stone Age Lifespan Myth,34,9d ago,Forgotten Origins,17:20,_a8oYDvuB1Q
old age,did cavemen live to old age,3,Paleoanthropologist Answers Caveman Questions From Twitter | Tech Support | WIRED,5888490,2y ago,WIRED,17:38,Iy0akbbmJOI
old age,did cavemen live to old age,4,When Did Neanderthals Live?,45330,2y ago,Ken Ham,0:40,0ASi7AGDIUY
old age,did cavemen live to old age,5,What If You Lived in the Stone Age? | Going Back to Stone Age | Prehistoric Era | Dr. Binocs Show,2575179,1y ago,Peekaboo Kidz,6:01,167gHV80Hdw
old age,did cavemen live to old age,6,Why Cavemen Only Live to 30?,58,3w ago,5Ws & 1H,12:11,wZLhBK9vwL0
old age,did cavemen live to old age,7,How Old Did Ancient Humans Live to Be on Average?,62,2w ago,Kestrel Official and 3 more,21:22,hsuBGOeE29E
old age,did cavemen live to old age,8,Cavemen Didn't Die at 30. So Why Do We Think They Did?,,17h ago,HumanWise,8:28,M8vMP69IUh0
old age,did cavemen live to old age,9,Did Cavemen Really Only Live to 30? (It's More Complicated),522,2w ago,vundrik,8:19,DCi_RD275MQ
old age,did cavemen live to old age,10,"Neandertals weren’t dumb cavemen. In lots of ways, they were just like us #shorts",10540154,3y ago,PBS Eons,0:50,t7T9N4X7S-0
old age,did cavemen live to old age,11,How Cavemen Actually Survived the Last Ice Age,433134,1y ago,Raw Humanity,2:15:40,VOhowqx1Jw4
old age,did cavemen live to old age,12,Where Did Cavemen REALLY Live? | The Truth About Ice Age Humans,206,1mo ago,Timeline explainer PTE,4:55,vw472-6sEOI
love/romance,did ancient humans fall in love,1,Did Cavemen Fall in Love? The Dark Truth About Ancient Love,8150,2d ago,DENN,27:40,voDNEesAUek
love/romance,did ancient humans fall in love,2,How Did Ancient Humans Fall in Love?,55,3mo ago,Vexaa,4:58,hax_Z-qfoGA
love/romance,did ancient humans fall in love,3,How Did Ancient Humans Actually Fall in Love?,70939,3mo ago,Stickly and 2 more,21:09,WoIKg5fttKE
love/romance,did ancient humans fall in love,4,How Did Ancient Humans Find Love Without Dating Apps? 💘 | Ancient Romance 😳❤️,5,4h ago,The Missing Context,4:43,tbQbg8dzZEQ
love/romance,did ancient humans fall in love,5,How Did Ancient Humans Fall in Love?,5,2d ago,Cairn Explainer,5:03,Rx7W2LQlVrA
love/romance,did ancient humans fall in love,6,Did Ancient Humans Fall in Love?,1104,2mo ago,zozzles,23:10,aJEwFxdYEfs
love/romance,did ancient humans fall in love,7,Why Did Ancient Humans Start Falling in Love?,13,19h ago,UntoldHour,8:33,hN6DnG0lJmM
love/romance,did ancient humans fall in love,8,Did Ancient Humans Fall in Love?,233,3mo ago,Laniakeya11,24:31,QolgFV_Mhmw
love/romance,did ancient humans fall in love,9,When Did Ancient Humans First Fall in Love?,1740,3mo ago,Joe,8:42,BiQdhHO59gg
love/romance,did ancient humans fall in love,10,How Did Ancient Humans Fall in Love?,178,3d ago,Our Weird Species,17:50,-1J5S_kBLbo
love/romance,did ancient humans fall in love,11,How Did Ancient Humans Fall In Love?,65,13d ago,The Old Instinct,17:54,A5Dl30Ds5k4
love/romance,did ancient humans fall in love,12,How Did Ancient Humans Find Love?,8,16h ago,Findez,10:26,M2fcsSajRYI
love/romance,did cavemen love,1,Did Cavemen Fall in Love? The Dark Truth About Ancient Love,8150,2d ago,DENN,27:40,voDNEesAUek
love/romance,did cavemen love,2,Did Cavemen Feel Love Like We Do?,182,2mo ago,Zyrooo,7:26,HVJMRuOt9EA
love/romance,did cavemen love,3,The Cavemen - Love and Trials  [Official Audio],56744,4y ago,The Cavemen,3:12,yuEk2wOZ-io
love/romance,did cavemen love,4,How Did Cavemen Flirt and Date,17,2d ago,HEEM EXPLAINS,5:53,xX-KwfwEbq8
love/romance,did cavemen love,5,How Did Cavemen Find Love When Everyone Was Their Cousin?,146,9d ago,Crazy History,10:08,8hcjwMZ5-VE
love/romance,did cavemen love,6,What Did Cavemen Do For Pleasure?,43,6d ago,Caveman Chronicles,7:35,iebMToBQOmo
love/romance,did cavemen love,7,How Did Cavemen Know They Were in Love?,452,3w ago,Knowledge EDU,7:27,TTQbdMunw0Q
love/romance,did cavemen love,8,How Did Cavemen Fall In Love?,158,10d ago,Pootle ,8:42,sNP3vNNgVWY
love/romance,did cavemen love,9,How Did Ancient Humans Find Love? The Truth About Stone Age Romance,,9h ago,Primal & Dark,2:41,hajmQ4MMw28
love/romance,did cavemen love,10,The Cavemen - Ihunanya (The Love Song) [Official Audio],98661,4y ago,The Cavemen,3:52,MJYlBXJgB2g
love/romance,did cavemen love,11,How Did Ancient Humans Actually Fall in Love?,70939,3mo ago,Stickly and 2 more,21:09,WoIKg5fttKE
love/romance,did cavemen love,12,Did ancient humans fall in love?,601,3mo ago,Mister Caveman,23:13,VO4W1_6CoGw
love/romance,how did ancient humans choose partners,1,How Did Early Humans Decide Who to Love?,15,2d ago,Chrono Rush,16:19,SBkWPFMkzG0
love/romance,how did ancient humans choose partners,2,How Did Ancient Humans Choose a Partner?,3605,3mo ago,HUMAN-ISH,16:06,cceII3LyU_0
love/romance,how did ancient humans choose partners,3,How Did Ancient Humans Choose a Partner?,60,3h ago,OverzealousTu,5:18,14J5i4mqBMc
love/romance,how did ancient humans choose partners,4,How Did Ancient Humans Choose Their Partners?,364,2d ago,WorldStick,12:59,RrdbkVirasY
love/romance,how did ancient humans choose partners,5,How Did Ancient Humans Choose Their Partners?,6779,2d ago,Boneink,15:25,UFLm7a_PhdM
love/romance,how did ancient humans choose partners,6,How Did Ancient Humans Find Love?,8,16h ago,Findez,10:26,M2fcsSajRYI
love/romance,how did ancient humans choose partners,7,How Did Ancient Humans Choose a Partner ?,1329,2mo ago,PrimalMindTV,8:28,fXSMiXpoCB4
love/romance,how did ancient humans choose partners,8,She Wasn’t the Prettiest. So Why Did Ancient Men Choose Her?,494,2d ago,pocket theory,9:21,_OLhBtz1tpU
love/romance,how did ancient humans choose partners,9,How Did Ancient Humans Choose Their Partners?,60,1mo ago,Alex,6:56,zy8Mu17MD40
love/romance,how did ancient humans choose partners,10,How Did Ancient Humans Choose  Partners?,1337,1mo ago,Mate explains,11:30,VFHCypGL-64
love/romance,how did ancient humans choose partners,11,How Did Ancient Humans Find Partners in the Stone Age?,11,1d ago,StickVerse,10:26,tksQwpXBtu4
love/romance,how did ancient humans choose partners,12,How Did Ancient Humans Choose A Partner?,156,3mo ago,The Itch,9:55,m0F4jiaGyqI
body hair,why did humans lose body hair,1,How Humans Lost Their Fur,3934392,5y ago,PBS Eons,12:21,E76vqlhmBlc
body hair,why did humans lose body hair,2,When Did We Lose Our Fur,152530,2y ago,Primitive History,9:07,71xcCTd0y2Y
body hair,why did humans lose body hair,3,Why Did Humans Lose Their Body Hair? | The Evolutionary Mystery,,10h ago,Suvin UnCovered,13:49,4TJGkKl9sRY
body hair,why did humans lose body hair,4,Why Did Humans Lose Most of Their Body Hair?,3,14h ago,Human Uncovered,15:12,1lyK0VvJFVg
body hair,why did humans lose body hair,5,Why Did Humans Lose Their Body Hair? The Evolutionary Mystery,158,2w ago,HUMANS ORIGIN,10:13,5o0tGNXXhZg
body hair,why did humans lose body hair,6,The REAL Reason Humans Lost Their Body Hair | History for Sleep,4045,7mo ago,Sleepy Time Historian,2:32:25,UoL5ZFqtk7c
body hair,why did humans lose body hair,7,Why Humans Lost Their Body Hair: The Surprising Evolution Explained,42355,1y ago,Primal Stories,7:24,p7wHsbsjUBg
body hair,why did humans lose body hair,8,Why Did Humans Lose Most of Their Body Hair?,5,19h ago,ClueHD,7:47,LwROIs8AmJc
body hair,why did humans lose body hair,9,Why Do We Still Have Pubic Hair? What Ancient Humans Left Us,179,1mo ago,The Unwritten Age,6:02,Xj0sAShRPSM
body hair,why did humans lose body hair,10,Why Did Humans Lose Their Body Hair?,611,10d ago,Ilimpoz,8:25,JB76Gw6Wgkc
body hair,why did humans lose body hair,11,How Humans LOST Their Fur | HISTORY FOR SLEEP,284803,10mo ago,Sleepy Time Historian,2:07:03,Al8vULufNoE
body hair,why did humans lose body hair,12,Why Did Humans Lose Their Fur but Keep Head Hair?,71,1mo ago,Drawn to Origins,16:29,uydLgxEiFL4
body hair,why are humans hairless,1,How Humans Lost Their Fur,3934392,5y ago,PBS Eons,12:21,E76vqlhmBlc
body hair,why are humans hairless,2,Why Are Humans So Hairless?,,3h ago,Evoly,5:50,KRSC7tao_ZE
body hair,why are humans hairless,3,Why Do Humans Have So Much Hair On Their Heads?,290622,5y ago,NORTH 02,9:30,FXvRW1Sm1Nw
body hair,why are humans hairless,4,How Humans LOST Their Fur | HISTORY FOR SLEEP,284803,10mo ago,Sleepy Time Historian,2:07:03,Al8vULufNoE
body hair,why are humans hairless,5,Why are only humans hairless?,107,3y ago,Curiosity,3:20,YQcSSD82--o
body hair,why are humans hairless,6,Persistence Hunting: The Evolutionary Reason Humans Are Hairless,57,3mo ago,Human Blueprint Project,12:03,fI2vovMXvFs
body hair,why are humans hairless,7,The Real Reason Humans Are Basically Naked.,181,4mo ago,CURION,9:15,IfGEiNIfocc
body hair,why are humans hairless,8,Why did Ancient Humans Become Hairless?,132,1mo ago,Zack Explains,15:16,k3Qe2RNEer8
body hair,why are humans hairless,9,"""Why Did Ancient Humans Stop Being Hairy?""",30,2mo ago,ZOG_01,7:15,6BXtyKDXyeY
body hair,why are humans hairless,10,Why Did Humans Become Hairless?,327,1mo ago,Explain Evolution,16:28,xZwFhPIYwk8
body hair,why are humans hairless,11,Why Are Humans So Hairless? The Truth ,80,2mo ago,Nexora,2:11,BEudV4vJ3MM
body hair,why are humans hairless,12,Why Are Humans the Only Hairless Predator?,32,3mo ago,Behind scandal,17:43,0T4EI_6MvCM
broken bone,how did ancient humans heal broken bones,1,How did Ancient Humans Heal Broken Bones?,5166,2mo ago,Goshu,32:30,euCoMGNlVus
broken bone,how did ancient humans heal broken bones,2,"Learn how fracture and broken bones heal, this is a closer look at how your body heals",1088536,5y ago,"Matthew Harb, M.D",0:18,03y9_er2ucw
broken bone,how did ancient humans heal broken bones,3,How Did Ancient Humans Set a Broken Bone With No Doctor?,16,4w ago,Origin Uncovered,6:31,zh7q487vx-k
broken bone,how did ancient humans heal broken bones,4,How Ancient Humans Healed Broken Bones Without Modern Surgery?,200,1mo ago,Sketch Theory ,12:27,w1vQTYRuMsw
broken bone,how did ancient humans heal broken bones,5,"""How Ancient Humans Healed Broken Bones 45,000 Years Ago""",138,2w ago,The Origin Index,1:12,Xi9__TZDtIQ
broken bone,how did ancient humans heal broken bones,6,How Bone Fractures Heal? | How Does a Broken Bone Heal? | Process of Bone Healing | Dr. Binocs Show,5656255,2y ago,Peekaboo Kidz,5:27,yovH2-Uw7i8
broken bone,how did ancient humans heal broken bones,7,How Did Ancient Humans Fix Broken Bones Without Hospitals?,47,4w ago,Prehisto,6:48,xwRs6b1l0AA
broken bone,how did ancient humans heal broken bones,8,How Did Ancient Humans Survive Broken Bones?,19,15h ago,Origin Rush ,5:14,2T1NDUpRGxY
broken bone,how did ancient humans heal broken bones,9,How DID Ancient Humans Fix Broken Bones?,33,2w ago,How Humans,11:19,Zt5vl8MUFyo
broken bone,how did ancient humans heal broken bones,10,How Did Ancient Humans Treat a Broken Bone?,433,2mo ago,PrimalMindTV,9:32,7Xi7RlR5eiY
broken bone,how did ancient humans heal broken bones,11,🦴 How Did Ancient Humans Treat Broken Bones?,1347,1mo ago,Prehistory Explanation,0:41,644GQ4WrQG0
broken bone,how did ancient humans heal broken bones,12,What Did Ancient Humans Do When They Broke a Bone?,73,11d ago,StickVerse,6:39,Ez5SX3yD4h0
broken bone,neanderthal healed broken bones,1,What Did Ancient Humans Do When They Broke a Bone?,73,11d ago,StickVerse,6:39,Ez5SX3yD4h0
broken bone,neanderthal healed broken bones,2,How Did Early Humans Heal Broken Bones... Without Hospitals?,13,1mo ago,Zovryn,12:58,VnTPa9g_dgw
broken bone,neanderthal healed broken bones,3,How Did Ancient Humans Survive Broken Bones?,19,15h ago,Origin Rush ,5:14,2T1NDUpRGxY
broken bone,neanderthal healed broken bones,4,What Did Neanderthals Do When They Broke a Bone?,87,2w ago,Hello Ancient,5:27,UtT3BFtoHkQ
broken bone,neanderthal healed broken bones,5,How Did Ancient Humans Fix Broken Bones Without Hospitals?,47,4w ago,Prehisto,6:48,xwRs6b1l0AA
broken bone,neanderthal healed broken bones,6,What Did Ancient Humans Do When They Broke a Bone?,257,4d ago,Before Us | History,7:26,R0owbPr1HPw
broken bone,neanderthal healed broken bones,7,How Did Ancient People Treat Broken Bones?,8,1mo ago,ZECK,13:33,yB4tLXEWqDc
broken bone,neanderthal healed broken bones,8,What Did Ancient Humans Do When Someone Broke a Bone?,,8h ago,Oldest Humans,12:16,tEOX74yrloQ
broken bone,neanderthal healed broken bones,9,What Did Ancient Humans Do When They Broke a Bone 🦴,42,2w ago,History Donated,12:44,ifhdAu_s92c
broken bone,neanderthal healed broken bones,10,How Did Ancient Humans Survive Broken Bones?,23,2d ago,Humanity Somehow,21:25,bkxoM8wzagc
broken bone,neanderthal healed broken bones,11,How Did Ancient Humans Survive a Broken Leg?,70,2w ago,logan,5:51,H5QZD1Q3YN8
broken bone,neanderthal healed broken bones,12,How Did Ancient Humans Survive a Broken Bone?,19,8d ago,lorecraft,3:08,be8rDgkOQjc
heat wave,how did ancient humans survive heat,1,How Did Ancient Humans Survive Extreme Heat?,815,4mo ago,ISUNEI,5:13,fv4jCTXrhdc
heat wave,how did ancient humans survive heat,2,How Did Ancient Humans Survive Extreme Heat?,13487,2mo ago,Banana Explains and 3 more,24:22,wlALWafOQyc
heat wave,how did ancient humans survive heat,3,How Did Ancient Humans Survive Extreme Summer Heat?,206,3mo ago,Stone Mind,8:10,LJSZi3-HCrA
heat wave,how did ancient humans survive heat,4,How Did Ancient Humans Survive the Savannah Heat?,1133,13h ago,Axen,9:11,0cUqUc5Dre8
heat wave,how did ancient humans survive heat,5,How Did Ancient Humans Survive the Deadliest Ice Age Winters?,19990,2d ago,Ancient World Uncovered and 2 more,22:51,W5R_xC24X7Y
heat wave,how did ancient humans survive heat,6,How Did Ancient Humans Survive Extreme Heat?,37,2w ago,Toshu,10:29,icqm0lhC06E
heat wave,how did ancient humans survive heat,7,How did ancient humans survive desert heat?,10279,1mo ago,Boneink,21:17,LJbW9EionGo
heat wave,how did ancient humans survive heat,8,How Ancient Humans Survived Extreme Heat ?,3167,2mo ago,Chill008 and 3 more,23:11,mA3C8Lj7DbI
heat wave,how did ancient humans survive heat,9,How Did Ancient Humans Survive Extreme Heat Without AC?,151220,1mo ago,Before Civilization,31:25,Zbx_rEvBnPc
heat wave,how did ancient humans survive heat,10,How Did Ancient Humans Survive 50°C Heat Without AC?,340,3mo ago,who knows,7:43,aVNFCaz5azQ
heat wave,how did ancient humans survive heat,11,How Did Ancient Humans Survive Heat Without AC?,2896,3mo ago,Whyzo,6:29,bkxsxPXJUaM
heat wave,how did ancient humans survive heat,12,THE SMARTEST WAYS ANCIENT HUMANS SURVIVED EXTREME HEAT,18,11d ago,MrAncientMan,10:16,Ww-Ayovcqak
heat wave,how did ancient humans survive drought,1,How Ancient Humans Did They Survive Droughts?,146,2mo ago,Before Us,4:55,efYUYI6Fo2k
heat wave,how did ancient humans survive drought,2,How Did Ancient Humans Survive Droughts That Lasted for Generations?,21,3w ago,Human Origins Explained,7:30,_8ruJ7aWAqQ
heat wave,how did ancient humans survive drought,3,HOW DID ANCIENT HUMANS SURVIVE A DROUGHT?,52,3w ago,Ancient Humans,8:12,1xyviV578u0
heat wave,how did ancient humans survive drought,4,How Did Ancient Humans Survive Endless Drought?,3031,2mo ago,Dane,20:45,6ZjIBtNasM0
heat wave,how did ancient humans survive drought,5,How Did Ancient Humans Survive Years-Long Droughts?,2,6d ago,Stick & Stone History,10:02,jwjMLpSJ5ws
heat wave,how did ancient humans survive drought,6,What Did Ancient Humans Do For Droughts ?,9,6d ago,Ancient Years,10:37,zzF2RUJOnPw
heat wave,how did ancient humans survive drought,7,What Ancient Humans Did When It Never Rained,,11d ago,Primal,8:49,qiSQR4OavbA
heat wave,how did ancient humans survive drought,8,How Did Ancient Humans Survive Without Clean Water?,357,3d ago,Jude Curious,3:04,hMp_aTuj0NA
heat wave,how did ancient humans survive drought,9,How Did Ancient Humans Survive a Drought That Lasted Years?,377,2mo ago,ItzNexum,18:34,ADDL0mha4nQ
heat wave,how did ancient humans survive drought,10,How Did Ancient Humans Survive Deadly Drought,158,3mo ago,Ancient Axon ,5:44,3nhbe5BXRa0
heat wave,how did ancient humans survive drought,11,How Ancient Humans Survived a Drought That Lasted Years?,1015,3mo ago,Dr. Diggs,13:30,AW2lBRkSHcs
heat wave,how did ancient humans survive drought,12,How Did Ancient Humans Survive Extreme Heat & Drought?,1648,2mo ago,Doodz,8:54,Oai9tse_o6M
volcanic winter,toba eruption humans survive,1,How a Supervolcano Ignited an Evolutionary Debate,808444,5y ago,PBS Eons,10:45,AWUTlVxOsIw
volcanic winter,toba eruption humans survive,2,How Did Ancient Humans Survive the Toba Supervolcano,42,1mo ago,Caeno,8:55,H4hqJIXXG58
volcanic winter,toba eruption humans survive,3,"74,000 Years Ago a Volcano Nearly Killed EVERY Human on Earth - Only Thousands Survived",13680,5mo ago,Sleepy Time Historian,2:22:04,1kun8ddWakU
volcanic winter,toba eruption humans survive,4,How Toba Volcano Nearly Wipe Out Humanity?,11247,1y ago,Anthromedia,33:53,cmJU2KP7OU4
volcanic winter,toba eruption humans survive,5,TOBA: The Supereruption That Nearly Wiped Out Humanity,7407,3w ago,Patrick History Remaker,28:34,q0UClaXjyp8
volcanic winter,toba eruption humans survive,6,"Toba Eruption: The 74,000-Year Human Survival Debate",51,2mo ago,Stillness and History,2:50:37,abxyWpxlJfA
volcanic winter,toba eruption humans survive,7,How Did Humans Survive the Toba Supervolcano?,234,1mo ago,Prehistoric Guy,9:10,4XwOYUsPUVA
volcanic winter,toba eruption humans survive,8,The Eruption That Nearly Erased Humanity,22222,11mo ago,The Snoozy Scientist,2:51:33,twKTkGzouBE
volcanic winter,toba eruption humans survive,9,The Toba Supervolcano : Survival Evidence From India | History Beyond 5000,1941,1y ago,Beyond 5000,8:45,ZHCn39mYh5I
volcanic winter,toba eruption humans survive,10,The Super Volcano That Nearly Destroyed The Human Race | Catastrophe,864586,2y ago,Naked Science,48:56,LHrVQjyMYJE
volcanic winter,toba eruption humans survive,11,The Supervolcano That Nearly Ended Humanity: Lake TOBA Eruption,7355,7mo ago,Ruach Horizons Mysteries,18:57,0A1LYmTjWwE
volcanic winter,toba eruption humans survive,12,How the TOBA SUPERVOLCANO Almost Wiped Out Humanity,228,2mo ago,James Comic,10:16,6CbgzferM0Q
volcanic winter,volcanic winter ancient humans,1,How Ancient People Survived a Volcanic Winter,28950,3y ago,BRIGHT SIDE,9:24,sBzQOjPKag0
volcanic winter,volcanic winter ancient humans,2,The Year The Sun Turned Black: The Volcanic Winter Of 536 AD | Catastrophe | Timeline,3150603,3y ago,Timeline - World History Documentaries,1:39:25,Azu6NN5bZWc
volcanic winter,volcanic winter ancient humans,3,"Volcanic Winter, Population Bottlenecks, and Human Evolution",173049,11y ago,Peabody Museum of Archaeology & Ethnology,1:07:50,Nj1ds5JsyGE
volcanic winter,volcanic winter ancient humans,4,How Did Ancient Humans Survived the Volcanic Toba Eruption?,87,3mo ago,Ancient Humans,3:13,-1uvNNFFpGQ
volcanic winter,volcanic winter ancient humans,5,The Volcanic Winter Of 536 AD Explained | Catastrophe,1955210,4y ago,Chronicle - Medieval History Documentaries,49:29,AYAsw1o7AMs
volcanic winter,volcanic winter ancient humans,6,The Biggest Volcanic Eruption in Human History,459826,8y ago,SciShow,5:46,GlkijaN-wdo
volcanic winter,volcanic winter ancient humans,7,What was It Like For Ancient Humans During A Volcanic Winter?,21,2mo ago,RAVN,13:11,aVMh1p9sYEU
volcanic winter,volcanic winter ancient humans,8,How Ancient Humans Survived A Volcanic Winter That Blocked The Sun?,822,2w ago,Jame Ink,26:59,8G0RxZcHHZQ
volcanic winter,volcanic winter ancient humans,9,How Did Ancient Humans Survive a Global Volcanic Winter?,105,2mo ago,DawnVerse,21:26,qeErMbNcFow
volcanic winter,volcanic winter ancient humans,10,From Extinction Brink to Global Expansion,3,9d ago,Forgotten Frontier - History ,22:59,bkNfy9WRmGM
volcanic winter,volcanic winter ancient humans,11,The Volcanic Winter That ENDED Civilizations 536 AD | History for Sleep,54198,10mo ago,Sleepy Time Historian,2:20:27,Fn6DTE5JrT8
volcanic winter,volcanic winter ancient humans,12,How Ancient Humans Really Survived a Volcanic Winter,484,8mo ago,Bright Side History Legends Awakened,1:31:19,rlYt1fkDYys
lost alone,what did ancient humans do when lost alone,1,Did Ancient Humans Live Outside of Time?,45042,3mo ago,Ben Rosenberg,15:02,P2GtRxDYpvI
lost alone,what did ancient humans do when lost alone,2,Whats Happens When You Left Alone in the wild | Lost Ancient Humans #Anunnaki #ancientaliens,201,3mo ago,Lost Ancient Humans,9:06,bOOZuhGULoo
lost alone,what did ancient humans do when lost alone,3,What Did Early Humans ACTUALLY Do All Day? | History for Sleep,2683921,9mo ago,Sleepy Time Historian and Sleepy Time Origins,2:15:36,AHTEnwz0bL4
lost alone,what did ancient humans do when lost alone,4,"The Missing 100,000 Years: What Humans Did BEFORE Civilization | History for Sleep",1045221,9mo ago,Sleepy Time Historian and Sleepy Time Origins,2:21:35,FEe4kEP2SqA
lost alone,what did ancient humans do when lost alone,5,What Did Ancient Humans Do When They Got Lost?| Lazy lunatic logic ,,20h ago,lazy lunatic logic,9:52,5MDEIxjkX48
lost alone,what did ancient humans do when lost alone,6,What Did Ancient Humans Do When They Got Lost?,4,1d ago,Archaic Freshó,8:47,DRzrBJeK1Ak
lost alone,what did ancient humans do when lost alone,7,What Did Ancient Humans Feel When They Were Alone?,214,2mo ago,Deep Time,14:37,7_P-TpdwsyE
lost alone,what did ancient humans do when lost alone,8,What Did Ancient Humans Do When It Was Too Cold to Sleep,428667,1mo ago,Astro Depth,40:32,_TEYpV3u4xg
lost alone,what did ancient humans do when lost alone,9,What Did Ancient Humans Do For Pleasure?,77336,3d ago,Bro Said So,8:10,Bw9f1e_KO2E
lost alone,what did ancient humans do when lost alone,10,What CRAZY Tricks Did Ancient Humans Use in Winter?,30146,1mo ago,Mack and 2 more,22:52,0KKM5XQbiOc
lost alone,what did ancient humans do when lost alone,11,What Did Ancient Humans Do When They Got Lost?,4,2w ago,Mavn ,10:50,TjH4qlw3NqQ
lost alone,what did ancient humans do when lost alone,12,What Did Ancient Humans Do When They Got Lonely?,,12h ago,STICK EXPLAIN,14:36,jvnI9KfOzWM
lost alone,could a caveman survive alone,1,Could You Actually Survive One Day as a Caveman?,584,2w ago,Cosmic Explainer,14:37,O75NQ-gMLo4
lost alone,could a caveman survive alone,2,Could You Survive One Day as a Caveman?,108,2w ago,Unpacking Humanity,7:54,2dSsedRwOfo
lost alone,could a caveman survive alone,3,How Cavemen Actually Survived the Last Ice Age,433134,1y ago,Raw Humanity,2:15:40,VOhowqx1Jw4
lost alone,could a caveman survive alone,4,Could You Survive ONE Day as a Caveman?,132,3w ago,Krok,22:31,SuH4cCc-vDI
lost alone,could a caveman survive alone,5,Can a Caveman Survive a Supermarket Blackout?,6,13d ago,Paper Trail,12:03,MDAZ1T0FIGY
lost alone,could a caveman survive alone,6,Paleoanthropologist Answers Caveman Questions From Twitter | Tech Support | WIRED,5888490,2y ago,WIRED,17:38,Iy0akbbmJOI
lost alone,could a caveman survive alone,7,Could an Ancient Human Really Survive Completely Alone?,68,2w ago,Prehistory,11:27,ZowGMYq02aY
lost alone,could a caveman survive alone,8,"""Could You Survive 1 Hour in a Caveman’s World?""",62,1y ago,Primalis ,11:49,ZhIQPAK4Wfg
lost alone,could a caveman survive alone,9,Why You Wouldn't Survive a Single Night as a Caveman?,29,2d ago,Your Ancient Self,6:24,gqXnN1LxWV4
lost alone,could a caveman survive alone,10,"40,000 Years Later: Could a Caveman Survive Today?",34,2mo ago,The Vexo studio ,9:02,k3sGMLkwSm0
lost alone,could a caveman survive alone,11,Why Cavemen Didn't Actually Live in Caves,276,2mo ago,too early,5:10,ao55cuf-Jl4
lost alone,could a caveman survive alone,12,How Did Cavemen Survive Winter Without Stored Food?,32,3w ago,Aevolith ,9:03,17cZYef-d5g
neanderthal vs us,could neanderthals beat humans,1,Humans vs Neanderthals In The Olympics,724755,6mo ago,ExtinctZoo ,21:30,HGQwieMB3l0
neanderthal vs us,could neanderthals beat humans,2,Which Human Species Could You Beat in a Fight?,886669,2w ago,Fossil,19:45,B5Lmnh_BHOU
neanderthal vs us,could neanderthals beat humans,3,Why did neanderthals go extinct? | Graham Hancock and Lex Fridman,65083,1y ago,Lex Clips,4:19,7SyJR-MWKH8
neanderthal vs us,could neanderthals beat humans,4,Human Fighters vs Untrained Neanderthal In Every Combat Sport - The Honest Truth,9418,3mo ago,Wild Dosage ,9:57,OmBTIZ6GvKU
neanderthal vs us,could neanderthals beat humans,5,DNA Analysis Reveals the REAL Reason Neanderthals Went Extinct,602464,10mo ago,The Infographics Show,16:40,NKWLVNGFrno
neanderthal vs us,could neanderthals beat humans,6,Could Humans Survive the Mesozoic? Neanderthals vs Dinosaurs,274302,1y ago,Vividen: Paleontology Evolved,16:18,tdvU8VsgQp8
neanderthal vs us,could neanderthals beat humans,7,How modern humans beat the neanderthals | Richard Wrangham and Lex Fridman,1151682,4y ago,Lex Clips,18:50,RYSvCb14JjU
neanderthal vs us,could neanderthals beat humans,8,Would a Neanderthal Dominate a UFC Championship?,58673,1mo ago,NerdNature,18:17,4IeIYZ3g9Nc
neanderthal vs us,could neanderthals beat humans,9,Who Would Win: You VS. Neanderthal,1443349,6y ago,BRIGHT SIDE,10:02,1ap4atei8v0
neanderthal vs us,could neanderthals beat humans,10,Could You Beat an Ancient Human in a Fight?,187,1mo ago,Mousterian,26:23,UKiEk6dU7Es
neanderthal vs us,could neanderthals beat humans,11,Could a Neanderthal Beat a UFC Champion?,313,3mo ago,Mr. Unlocked,18:11,ij1NVLtIpnU
neanderthal vs us,could neanderthals beat humans,12,Humans vs. Neanderthals - Who Would Win? Archaeologists Weigh In,88452,13y ago,The Young Turks,6:56,lYmDI0qJypg
neanderthal vs us,what if neanderthals survived,1,What if Neanderthals Didn't Go Extinct?,1952141,9y ago,AlternateHistoryHub,5:54,ORtCKp8CNVk
neanderthal vs us,what if neanderthals survived,2,"What If the Neanderthals Had Not Gone Extinct 40,000 Years Ago?",1648596,7y ago,What If,3:58,CSgkeyqRvIY
neanderthal vs us,what if neanderthals survived,3,What If Neanderthals Never Stopped Evolving?,572929,10mo ago,AlmondTheArtist,10:43,SN-_X1hayBE
neanderthal vs us,what if neanderthals survived,4,My Theory About Neanderthals,8614549,9y ago,Sam O'Nella Academy,4:02,DX0Dg9MxsOg
neanderthal vs us,what if neanderthals survived,5,DNA Analysis Reveals the REAL Reason Neanderthals Went Extinct,602464,10mo ago,The Infographics Show,16:40,NKWLVNGFrno
neanderthal vs us,what if neanderthals survived,6,Humans vs Neanderthals In The Olympics,724755,6mo ago,ExtinctZoo ,21:30,HGQwieMB3l0
neanderthal vs us,what if neanderthals survived,7,What If Neanderthals Had Not Gone Extinct?,331517,1y ago,The First Dawn,22:02,txyLqrJk9gg
neanderthal vs us,what if neanderthals survived,8,Why Are We The Only Humans Left?,8206948,9y ago,Be Smart,7:32,dbHj-Q1FTj8
neanderthal vs us,what if neanderthals survived,9,Neanderthals Were Absolute Freaks Of Nature,7210156,1y ago,ExtinctZoo ,16:26,yxgQcYGvWG0
neanderthal vs us,what if neanderthals survived,10,What If Neanderthals Never Went Extinct? (Alternate Human History),12537,5mo ago,Worldostats,8:26,Vpk1nj2GwXM
neanderthal vs us,what if neanderthals survived,11,What if the Neanderthals never went Extinct?,58920,11y ago,Whatifalthist,6:36,4pqYB7xPw4s
neanderthal vs us,what if neanderthals survived,12,Could Humans Survive the Mesozoic? Neanderthals vs Dinosaurs,274302,1y ago,Vividen: Paleontology Evolved,16:18,tdvU8VsgQp8
3am waking,why do I wake up at 3am ancient humans,1,Why You Keep Waking Up at 3AM? Ancient Humans Did This to You.,4,2d ago,Stickman Explains,11:37,t_340cYmSzo
3am waking,why do I wake up at 3am ancient humans,2,Why You Wake Up at 3AM (Your Ancestors Did It Too),215,9d ago,Markwell,8:25,V0wEk52cq7Q
3am waking,why do I wake up at 3am ancient humans,3,SECRETS Of Ancient Humans: Waking Up At 3AM Was NORMAL? (And It Still Affects You Today!),961,9d ago,Uncle Duck,7:38,7S1XRTSxb4s
3am waking,why do I wake up at 3am ancient humans,4,Why You Wake Up at 3AM (Your Ancestors Did It On Purpose),,19h ago,kerivox,9:54,AtiRaGq63hk
3am waking,why do I wake up at 3am ancient humans,5,"Waking Up at 3AM? For Most of History, That Was Normal",13,6d ago,Caveman Brain,11:56,iVuP5RimwrQ
3am waking,why do I wake up at 3am ancient humans,6,What Did Ancient Humans Do at Night?,8011343,5mo ago,Zenn,8:32,st_Ah6Ykbh4
3am waking,why do I wake up at 3am ancient humans,7,Why You Wake Up At 2 AM (Ancient Humans Did Too),139,2w ago,old brain,7:38,xIUwtzhiDEg
3am waking,why do I wake up at 3am ancient humans,8,Why You Wake Up at 3AM For No Reason — The Ancient Explanation,25,4w ago,Oriv Humans,5:48,s5-epYtjNr4
3am waking,why do I wake up at 3am ancient humans,9,The Reason You Wake Up At 3am Has A Neanderthal Name,410,2mo ago,The Other Humans,10:45,J1N8umak4mU
3am waking,why do I wake up at 3am ancient humans,10,🕒Why You Wake Up at 3 AM (Your Ancestors Did Too),,1d ago,The Primal Thread,11:28,IWRPBzICF-g
3am waking,why do I wake up at 3am ancient humans,11,Why You Wake Up at 3AM (Ancient Humans Did This Too),3,13d ago,Ruang Pikir,4:45,ZzdRrUjU_c8
3am waking,why do I wake up at 3am ancient humans,12,Why You Wake Up at 3AM Your Ancestors Did It Too,,1d ago,Origin Lab,7:56,9icZwTac7ME
3am waking,biphasic sleep ancient humans,1,Your Sleep Schedule Is Only 200 Years Old #dwhistoryandculture,18063,1y ago,DW History and Culture,0:49,KcaLMkKr_TU
3am waking,biphasic sleep ancient humans,2,What Did Ancient Humans Do at Night?,8015733,5mo ago,Zenn,8:32,st_Ah6Ykbh4
3am waking,biphasic sleep ancient humans,3,"Trying Biphasic Sleep for 2 Months, See Why It Improved My Day",1042585,5y ago,WheezyWaiter,15:47,45Cus3pPUt8
3am waking,biphasic sleep ancient humans,4,Medieval people practiced biphasic sleep! Ever tried it? #history #art,4331044,6mo ago,History by Mae,0:17,IdpnFPdPs_I
3am waking,biphasic sleep ancient humans,5,What Do Scientists Really Know About Polyphasic Sleep?,610972,8y ago,SciShow,5:16,-wXppi_OfEo
3am waking,biphasic sleep ancient humans,6,Why Humans Are Supposed to Sleep in Two 4-Hour Phases,2756091,5y ago,Half as Interesting,6:20,DKBXFfEPJyg
3am waking,biphasic sleep ancient humans,7,Medieval Nights: The Lost Tradition of Two Sleeps,489873,1y ago,History and Coffee,12:24,x1Q4tYhLRvA
3am waking,biphasic sleep ancient humans,8,"I Tried the Forgotten Habit of ""Two Sleeps""",1159008,3y ago,The Unlazy Way,11:12,vfBMPw2kyY8
3am waking,biphasic sleep ancient humans,9,Biphasic Sleep: What Ancient Humans Actually Did at Night (And Why You Wake at 3AM),110,3mo ago,Digital Milestones,8:37,zU1LUPt807E
3am waking,biphasic sleep ancient humans,10,Why Did Ancient Humans Stop Sleeping Through the Night?,186,2mo ago,Nova Lore,8:53,qOjrG2S8io4
3am waking,biphasic sleep ancient humans,11,Why Did Ancient Humans Sleep in 2 Shifts? 💤 | Biphasic Sleep & Human Sleep Evolution #shorts,1495451,7mo ago,SagaLens Films,0:30,J4W6AhaRcqA
3am waking,biphasic sleep ancient humans,12,What Sleep Was Really Like For Ancient Humans | Before Us,42,3mo ago,Before Us,10:19,1ozC6x2_b8I
3am waking,first sleep second sleep history,1,Why Did Medieval People Wake Up in the Middle of the Night? | The Mystery of First and Second Sleep,,15 min ago,Backstory Lab,6:25,Ehkh-jme-U0
3am waking,first sleep second sleep history,2,Why Humans Are Supposed to Sleep in Two 4-Hour Phases,2756091,5y ago,Half as Interesting,6:20,DKBXFfEPJyg
3am waking,first sleep second sleep history,3,"First Sleep, Second Sleep: A Gentle Night in the Medieval World",279,1y ago,History for Sleep ,3:10:52,NbrupjbfWbI
3am waking,first sleep second sleep history,4,Why Humans Have a ‘First Sleep’ and ‘Second Sleep’,8962,5mo ago,History of Simple Things,8:41,d8HoUTAryho
3am waking,first sleep second sleep history,5,Latchkey History - Our Lost Second Sleep - Why we used to have 2 sleeps each night,962,9mo ago,Latchkey History,6:44,GI_9gCdfdKE
3am waking,first sleep second sleep history,6,Why Medieval People Slept in Two Blocks?,2311,1y ago,Viking Times,2:28:52,wSN7Gs7gQOc
3am waking,first sleep second sleep history,7,"The Medieval ""First Sleep"" and ""Second Sleep"": A Calm History for Sleep",2,5h ago,Sleepstories,9:31,BF94iqKHmLQ
3am waking,first sleep second sleep history,8,"I Tried the Forgotten Habit of ""Two Sleeps""",1159008,3y ago,The Unlazy Way,11:12,vfBMPw2kyY8
3am waking,first sleep second sleep history,9,Medieval Nights: The Lost Tradition of Two Sleeps,489873,1y ago,History and Coffee,12:24,x1Q4tYhLRvA
3am waking,first sleep second sleep history,10,Why Medieval People Slept in Two Shifts?,642523,1y ago,Medieval History,15:11,jIaSwnMbU-Q
3am waking,first sleep second sleep history,11,It Turns Out We've Been Sleeping Wrong For Centuries,1660116,1y ago,Thoughty2,23:03,6tHpdxp_N8A
3am waking,first sleep second sleep history,12,Why People Used to Sleep Twice a Night | The Forgotten History of Two-Sleep,39,2d ago,History Makes You Sleep,2:27:49,qTRANsW_4Oc
sick,what did ancient humans do when they got sick,1,"What Did Ancient Humans Do When They Got Sick? 🤒 | 50,000 Years Ago",27,9d ago,Why We Do,17:59,a-EC_Xl4668
sick,what did ancient humans do when they got sick,2,What Did Cavemen Actually Do When They Were Sick,2969,1y ago,The First Dawn,17:05,wW2xOn1nPqY
sick,what did ancient humans do when they got sick,3,What Did Ancient Humans Do When They Got Sick?,4,1d ago,Ancient Oddities Official Channel,5:39,O8FUj4FpcLc
sick,what did ancient humans do when they got sick,4,What did Early Humans do when they got Sick,38392,4mo ago,Ink Explainer,8:03,6TzPQ0046lw
sick,what did ancient humans do when they got sick,5,The Real Reason Sick Cavemen Didn't Just Die,632,12d ago,History Doodles,13:02,xIGZqXu3D8s
sick,what did ancient humans do when they got sick,6,🤕𝗪𝗛𝗔𝗧 𝗗𝗜𝗗 𝗔𝗡𝗖𝗜𝗘𝗡𝗧 𝗛𝗨𝗠𝗔𝗡𝗦 𝗗𝗢 𝗪𝗛𝗘𝗡 𝗧𝗛𝗘𝗬 𝗚𝗢𝗧 𝗦𝗜𝗖𝗞?,3,2d ago,StickNiko,4:51,FK6CbiPJjVU
sick,what did ancient humans do when they got sick,7,What Did Ancient Humans Do When Someone Got Sick ?,226,1mo ago,Ancient You,8:25,6BU79Kqw3AI
sick,what did ancient humans do when they got sick,8,What Did Ancient Humans Do When They Got Sick?,138,5mo ago,Vellum,8:23,6eWY21v7fW4
sick,what did ancient humans do when they got sick,9,What Did Ancient Humans Do When They Got Sick?,,10h ago,Human Clues,8:51,10QCawoLwAs
sick,what did ancient humans do when they got sick,10,What Ancient Humans Did When They Got Sick?,11,2d ago,HistoryVault Explainer,8:00,gy1sKYOxJMk
sick,what did ancient humans do when they got sick,11,What Did Ancient Humans Do When They Got Sick,6,2w ago,WHY HUMANS,13:34,w12fU1fqgHQ
sick,what did ancient humans do when they got sick,12,What Did Ancient Humans Do When They Got Sick?,82,3w ago,CURIQ,5:47,9W-yZ0NzEtg
sick,how did ancient humans treat infections,1,How Did Ancient Humans Treat Infections Without Medicine? ,17,11d ago,icdty,3:11,EkmjUWs6Tlc
sick,how did ancient humans treat infections,2,How Did Ancient Humans Treat Wounds and Disease?,68,6d ago,Wired By Time ,11:42,k34BCd6NJKc
sick,how did ancient humans treat infections,3,How Did Ancient Doctors Treat Infections?,3,10h ago,Elvo Explainer,22:38,b3_yLJKqVK0
sick,how did ancient humans treat infections,4,How Did Ancient Humans Survive Infections Before Antibiotics?,90,2w ago,Human Default,8:00,ovS7zOzpjRI
sick,how did ancient humans treat infections,5,How Did Ancient Humans Treat Infected Wounds?,111,2mo ago,Human Before,6:59,r8X5yo-Ijiw
sick,how did ancient humans treat infections,6,How Did Ancient Humans Survive Infections Without Antibiotics?,94,13d ago,Bone & Brain Lab,7:17,IZAx7uuSbfE
sick,how did ancient humans treat infections,7,How Did Ancient Humans Survive Infections?,383,3w ago,The Thought Vortex,12:43,L9YSzogESic
sick,how did ancient humans treat infections,8,How Did Ancient Humans Survive Infections Before Antibiotics?,20,8h ago,The Third Variable,12:47,grG7GIyfvl8
sick,how did ancient humans treat infections,9,How Did Ancient Humans Survive Infections Without Antibiotics?,48,3w ago,Mason Explains,13:05,z_FIZkLgpoE
sick,how did ancient humans treat infections,10,Cavemen's Disgusting Secret to Beating Infections!,197,2mo ago,Stick Plot,10:09,IQWgWneoj9s
sick,how did ancient humans treat infections,11,How Did Ancient Humans Treat Injuries Without Modern Medicine?,2,12d ago,Before Us,2:54,R60VtlyAA9c
sick,how did ancient humans treat infections,12,How Did Ancient Humans Survive Infections? (Before Antibiotics),13,10d ago,Stick Nova,5:23,JHhV3adsKdA
toilets/hygiene,how did ancient humans go to the toilet,1,How Did Ancient Humans Go to the Bathroom?,289,1mo ago,Simply Sapiens,8:21,ByTYIqnedek
toilets/hygiene,how did ancient humans go to the toilet,2,How Did Ancient Humans Go to the Toilet?,1198,2mo ago,Olde,7:39,ZR29kPICTtE
toilets/hygiene,how did ancient humans go to the toilet,3,How Did Ancient Humans Go to the Bathroom?,302,1d ago,HUMAN BACKSTORY,27:29,Ud4NS3H_b4o
toilets/hygiene,how did ancient humans go to the toilet,4,Where Did Ancient Humans Go to the Toilet? | Rome's Made People Sicker,40,6d ago,Bones and Habits,8:07,gwKFnCWptrc
toilets/hygiene,how did ancient humans go to the toilet,5,How Did Ancient Humans Go To The Bathroom?,176,1mo ago,History On A Stick,7:44,ZOryxFkusYE
toilets/hygiene,how did ancient humans go to the toilet,6,This Is How Ancient Humans Went to the Bathroom (Full History),43925,4mo ago,Basically Primitive,7:37,ZSSlDKGFpI4
toilets/hygiene,how did ancient humans go to the toilet,7,How Did Ancient Humans Actually Go To The Toilet?,52314,2mo ago,Broyaa,6:21,S1dB7QgjXEM
toilets/hygiene,how did ancient humans go to the toilet,8,A brief history of toilets - Francis de los Reyes,6225848,5y ago,TED-Ed,5:22,0dYk99S98Jc
toilets/hygiene,how did ancient humans go to the toilet,9,How Did Ancient Humans Poop Before Toilets Existed?,2754,4mo ago,Past Explainer,11:15,pm_pr-0Oubg
toilets/hygiene,how did ancient humans go to the toilet,10,How Did Ancient Humans Go to the TOILET ?,5,2d ago,Zeen POV,17:07,-z92pXYRv40
toilets/hygiene,how did ancient humans go to the toilet,11,How Did Ancient Humans Survive Without Toilets?,,8h ago,Human Origins,1:09,4m_kx1PVdFs
toilets/hygiene,how did ancient humans go to the toilet,12,How Did Ancient Humans Actually Go to the Bathroom?,28574,2mo ago,Caze and 3 more,24:06,okw1H-5WMao
toilets/hygiene,did cavemen use toilet paper,1,How Did Cavemen Wipe Without Toilet Paper?,170,1d ago,Whatless,6:05,L3Ni6vzaC6E
toilets/hygiene,did cavemen use toilet paper,2,How Did Cavemen Go to the Toilet?,13717,2mo ago,The primal past,2:53,oeHMsHBsYW4
toilets/hygiene,did cavemen use toilet paper,3,Did Ancient Humans Not Wipe Their Butts?,325740,2mo ago,PROF. STICKMAN,6:02,VFlbBtxrQHY
toilets/hygiene,did cavemen use toilet paper,4,How Did Cavemen Go to the Bathroom?,48,2mo ago,Hardly Hard,3:50,0P0K1Y3zyVo
toilets/hygiene,did cavemen use toilet paper,5,How Did Ancient Humans Actually Poop? (The Full Story),,1h ago,Before Us,3:58,Ts3OTLT6b58
toilets/hygiene,did cavemen use toilet paper,6,Before Toilet Paper? What Humans Really Used 🤔 || Caveman Explorer ,,1mo ago,Caveman Explorer ,3:13,nVS1t4z5MkE
toilets/hygiene,did cavemen use toilet paper,7,What Did Ancient Humans Use for Toilet Paper?,97,3mo ago,Nero Explains,9:42,w-33_5hHbBo
toilets/hygiene,did cavemen use toilet paper,8,Did Cavemen Wipe?,16,2mo ago,fern,6:06,fN21vXsdN74
toilets/hygiene,did cavemen use toilet paper,9,Why Did Ancient Humans Never Use Toilet Paper — And What They Did Instead Will Disturb You?,31,1mo ago,Muck & History,5:16,MI10kigydyk
toilets/hygiene,did cavemen use toilet paper,10,What Did Humans Use Before Toilet Paper? (It’s Gross),39,1mo ago,Sapien Senses,9:19,ahgdfLzxMXI
toilets/hygiene,did cavemen use toilet paper,11,How Did Cavemen Wipe? (They Did Not Use Leaves),5,3mo ago,Caveman Life,11:04,nkXaysMzljU
toilets/hygiene,did cavemen use toilet paper,12,Ancient Humans Had No Toilets or Toilet Paper. How Did They Survive?,40,13h ago,MASTER STIK,5:55,li3K8h-Mo-4
